Mode dimns: 1681 8 8 8 8 8 8
Iter: 1		Ranks:     1     6     6     5     4     3     2     1	Error: 0.9978284896	Time: 0.01497
Iter: 2		Ranks:     1    27    21    15    10     6     3     1	Error: 0.9821750996	Time: 0.01744
Iter: 3		Ranks:     1    83    56    35    20    10     4     1	Error: 0.8504811014	Time: 0.12175
Iter: 4		Ranks:     1   157   126    70    35    15     5     1	Error: 0.5005090668	Time: 0.69013
Iter: 5		Ranks:     1   160   243   126    56    21     6     1	Error: 0.2125475507	Time: 2.62282
Iter: 6		Ranks:     1   160   358   204    84    28     7     1	Error: 0.0830927244	Time: 6.15043
Iter: 7		Ranks:     1   160   474   292   119    36     8     1	Error: 0.0319649516	Time: 13.45984
Iter: 8		Ranks:     1   160   579   379   152    43     8     1	Error: 0.0125264370	Time: 25.36317
Iter: 9		Ranks:     1   160   663   454   180    48     8     1	Error: 0.0048799409	Time: 43.57309
Iter: 10	Ranks:     1   160   714   513   201    53     8     1	Error: 0.0018527123	Time: 69.14709
Iter: 11	Ranks:     1   160   754   552   216    56     8     1	Error: 0.0006618520	Time: 100.56879
Iter: 12	Ranks:     1   160   772   573   226    58     8     1	Error: 0.0002466046	Time: 131.35033
Iter: 13	Ranks:     1   160   775   582   230    58     8     1	Error: 0.0001012859	Time: 166.34164
Iter: 14	Ranks:     1   160   781   590   234    60     8     1	Error: 0.0000380484	Time: 253.10346
Iter: 15	Ranks:     1   160   778   595   236    61     8     1	Error: 0.0000136769	Time: 321.46125
Iter: 16	Ranks:     1   160   768   593   236    61     8     1	Error: 0.0000048461	Time: 383.61814
Iter: 17	Ranks:     1   160   749   580   232    60     8     1	Error: 0.0000017928	Time: 417.97194
Iter: 18	Ranks:     1   160   732   569   230    60     8     1	Error: 0.0000006047	Time: 393.89835
Iter: 19	Ranks:     1   160   695   544   223    60     8     1	Error: 0.0000002320	Time: 480.98537
Iter: 20	Ranks:     1   159   666   524   217    59     8     1	Error: 0.0000000846	Time: 462.83494
Iter: 21	Ranks:     1   158   630   502   210    58     8     1	Error: 0.0000000304	Time: 519.92488
Iter: 22	Ranks:     1   155   585   474   200    56     8     1	Error: 0.0000000116	Time: 568.82450
Iter: 23	Ranks:     1   150   546   449   190    54     8     1	Error: 0.0000000044	Time: 597.14657
Mode dimns: 1681 16 16 16 16 16 16
Iter: 1		Ranks:     1     6     6     5     4     3     2     1	Error: 0.9977487041	Time: 0.00366
Iter: 2		Ranks:     1    27    21    15    10     6     3     1	Error: 0.9812725915	Time: 0.01524
Iter: 3		Ranks:     1    83    56    35    20    10     4     1	Error: 0.8441983846	Time: 0.18742
Iter: 4		Ranks:     1   157   126    70    35    15     5     1	Error: 0.4908021126	Time: 1.09615
Iter: 5		Ranks:     1   160   242   126    56    21     6     1	Error: 0.2077428463	Time: 4.25092
Iter: 6		Ranks:     1   160   357   203    84    28     7     1	Error: 0.0820929312	Time: 11.21972
Iter: 7		Ranks:     1   160   470   291   119    36     8     1	Error: 0.0322841701	Time: 27.64526
Iter: 8		Ranks:     1   160   574   378   154    45     9     1	Error: 0.0128662523	Time: 53.94201
Iter: 9		Ranks:     1   160   662   457   187    53    10     1	Error: 0.0051230553	Time: 93.75603
Iter: 10	Ranks:     1   160   727   526   218    62    11     1	Error: 0.0020366464	Time: 152.71022
Iter: 11	Ranks:     1   160   775   580   243    70    12     1	Error: 0.0007902743	Time: 215.85673
Iter: 12	Ranks:     1   160   816   621   264    75    13     1	Error: 0.0003033281	Time: 296.55314
Iter: 13	Ranks:     1   160   841   649   281    81    14     1	Error: 0.0001168669	Time: 389.48032
Iter: 14	Ranks:     1   160   858   669   292    86    15     1	Error: 0.0000446425	Time: 509.52014
Iter: 15	Ranks:     1   160   863   679   299    89    16     1	Error: 0.0000168112	Time: 635.30773
Iter: 16	Ranks:     1   160   858   680   301    90    16     1	Error: 0.0000063012	Time: 789.99426
Iter: 17	Ranks:     1   160   844   673   301    90    16     1	Error: 0.0000023958	Time: 968.47677
Iter: 18	Ranks:     1   160   822   660   298    91    16     1	Error: 0.0000009311	Time: 1138.50187
Iter: 19	Ranks:     1   160   790   639   291    90    16     1	Error: 0.0000003775	Time: 1368.80727
Iter: 20	Ranks:     1   160   758   619   284    89    16     1	Error: 0.0000001514	Time: 1589.71016
Iter: 21	Ranks:     1   159   724   600   277    88    16     1	Error: 0.0000000574	Time: 1824.88819
Iter: 22	Ranks:     1   158   683   573   266    86    16     1	Error: 0.0000000216	Time: 2402.97299
Iter: 23	Ranks:     1   155   642   544   255    83    16     1	Error: 0.0000000082	Time: 2702.74459
Mode dimns: 1681 32 32 32 32 32 32
Iter: 1		Ranks:     1     6     6     5     4     3     2     1	Error: 0.9977107177	Time: 0.00418
Iter: 2		Ranks:     1    27    21    15    10     6     3     1	Error: 0.9808073105	Time: 0.01936
Iter: 3		Ranks:     1    83    56    35    20    10     4     1	Error: 0.8403433379	Time: 0.25149
Iter: 4		Ranks:     1   157   126    70    35    15     5     1	Error: 0.4837563596	Time: 1.56654
Iter: 5		Ranks:     1   160   242   126    56    21     6     1	Error: 0.2033887833	Time: 7.44439
Iter: 6		Ranks:     1   160   356   202    84    28     7     1	Error: 0.0801753094	Time: 21.17397
Iter: 7		Ranks:     1   160   468   289   119    36     8     1	Error: 0.0315576264	Time: 50.51396
Iter: 8		Ranks:     1   160   570   376   153    45     9     1	Error: 0.0126041276	Time: 107.35700
Iter: 9		Ranks:     1   160   656   453   186    53    10     1	Error: 0.0050458446	Time: 190.19632
Iter: 10	Ranks:     1   160   719   520   216    62    11     1	Error: 0.0020251446	Time: 315.80265
Iter: 11	Ranks:     1   160   767   572   242    69    12     1	Error: 0.0007993625	Time: 445.47915
Iter: 12	Ranks:     1   160   806   611   262    75    13     1	Error: 0.0003150800	Time: 603.68866
Iter: 13	Ranks:     1   160   830   639   278    82    14     1	Error: 0.0001248334	Time: 798.98578
Iter: 14	Ranks:     1   160   846   658   291    87    15     1	Error: 0.0000495016	Time: 990.27310
Iter: 15	Ranks:     1   160   852   668   298    91    16     1	Error: 0.0000195335	Time: 1221.71160
Iter: 16	Ranks:     1   160   849   672   304    94    17     1	Error: 0.0000077491	Time: 1559.55330
Iter: 17	Ranks:     1   160   839   669   306    96    18     1	Error: 0.0000030648	Time: 1961.98764
Iter: 18	Ranks:     1   160   822   660   305    97    19     1	Error: 0.0000012102	Time: 2351.53713
Iter: 19	Ranks:     1   160   799   648   302    98    20     1	Error: 0.0000004762	Time: 2738.76482
Iter: 20	Ranks:     1   160   771   633   298    99    21     1	Error: 0.0000001850	Time: 3267.63677
Iter: 21	Ranks:     1   160   738   613   292    99    21     1	Error: 0.0000000716	Time: 3782.00402
Iter: 22	Ranks:     1   159   700   589   284    98    22     1	Error: 0.0000000277	Time: 4342.79626
Iter: 23	Ranks:     1   157   660   563   273    97    22     1	Error: 0.0000000107	Time: 4984.05536
Iter: 24	Ranks:     1   154   619   534   262    94    22     1	Error: 0.0000000041	Time: 5596.12701
Mode dimns: 1681 64 64 64 64 64 64
Iter: 1		Ranks:     1     6     6     5     4     3     2     1	Error: 0.9976921748	Time: 0.00458
Iter: 2		Ranks:     1    27    21    15    10     6     3     1	Error: 0.9805713570	Time: 0.03092
Iter: 3		Ranks:     1    83    56    35    20    10     4     1	Error: 0.8382573503	Time: 0.34030
Iter: 4		Ranks:     1   157   126    70    35    15     5     1	Error: 0.4798112228	Time: 3.09290
Iter: 5		Ranks:     1   160   241   126    56    21     6     1	Error: 0.2008727348	Time: 14.62075
Iter: 6		Ranks:     1   160   356   202    84    28     7     1	Error: 0.0789850844	Time: 42.72666
Iter: 7		Ranks:     1   160   466   289   119    36     8     1	Error: 0.0310361793	Time: 104.83849
Iter: 8		Ranks:     1   160   568   374   153    45     9     1	Error: 0.0123772247	Time: 210.75290
Iter: 9		Ranks:     1   160   652   450   185    53    10     1	Error: 0.0049506548	Time: 360.39193
Iter: 10	Ranks:     1   160   714   516   215    62    11     1	Error: 0.0019872752	Time: 591.41861
Iter: 11	Ranks:     1   160   761   566   240    69    12     1	Error: 0.0007864785	Time: 877.63534
Iter: 12	Ranks:     1   160   798   605   260    75    13     1	Error: 0.0003120473	Time: 1176.86629
Iter: 13	Ranks:     1   160   820   631   275    81    14     1	Error: 0.0001247510	Time: 1498.98992
Iter: 14	Ranks:     1   160   834   648   287    86    15     1	Error: 0.0000501144	Time: 1870.62844
Iter: 15	Ranks:     1   160   838   656   294    90    16     1	Error: 0.0000200662	Time: 2605.56146
Iter: 16	Ranks:     1   160   835   658   299    93    17     1	Error: 0.0000080728	Time: 3077.44132
Iter: 17	Ranks:     1   160   825   655   301    95    18     1	Error: 0.0000032246	Time: 4002.71650
Iter: 18	Ranks:     1   160   809   647   300    97    19     1	Error: 0.0000012862	Time: 4554.71588
