Mode dimns: 1681 8 8 8 8 8 8
Iter:  1	Ranks:     1     6     6     5     4     3     2     1	Error: 0.9978284896	Time: 0.04767
Iter:  2	Ranks:     1    25    21    15    10     6     3     1	Error: 0.9821891271	Time: 0.01862
Iter:  3	Ranks:     1    82    56    35    20    10     4     1	Error: 0.8509825274	Time: 0.05955
Iter:  4	Ranks:     1   160   126    70    35    15     5     1	Error: 0.5014710394	Time: 0.39581
Iter:  5	Ranks:     1   160   252   126    56    21     6     1	Error: 0.2132166153	Time: 1.16201
Iter:  6	Ranks:     1   160   462   210    84    28     7     1	Error: 0.0834964292	Time: 2.35676
Iter:  7	Ranks:     1   160   590   330   120    36     8     1	Error: 0.0322283819	Time: 4.89512
Iter:  8	Ranks:     1   160   682   489   162    43     8     1	Error: 0.0127024776	Time: 8.70064
Iter:  9	Ranks:     1   160   773   641   208    49     8     1	Error: 0.0050039864	Time: 14.87879
Iter: 10	Ranks:     1   160   847   762   253    54     8     1	Error: 0.0019405030	Time: 21.53082
Iter: 11	Ranks:     1   160   888   847   285    58     8     1	Error: 0.0007266824	Time: 29.29596
Iter: 12	Ranks:     1   160   912   897   303    61     8     1	Error: 0.0002921726	Time: 35.29391
Iter: 13	Ranks:     1   160   916   925   313    62     8     1	Error: 0.0001283055	Time: 40.21628
Iter: 14	Ranks:     1   160   922   949   322    63     8     1	Error: 0.0000506209	Time: 44.36638
Iter: 15	Ranks:     1   160   917   953   325    64     8     1	Error: 0.0000198016	Time: 47.90566
Iter: 16	Ranks:     1   160   902   939   324    64     8     1	Error: 0.0000079340	Time: 50.09009
Iter: 17	Ranks:     1   160   880   911   319    64     8     1	Error: 0.0000032623	Time: 50.72299
Iter: 18	Ranks:     1   160   861   885   314    64     8     1	Error: 0.0000012626	Time: 50.39568
Iter: 19	Ranks:     1   160   826   837   302    63     8     1	Error: 0.0000005306	Time: 51.13605
Iter: 20	Ranks:     1   160   807   813   296    63     8     1	Error: 0.0000001927	Time: 49.77178
Iter: 21	Ranks:     1   160   775   775   285    62     8     1	Error: 0.0000000698	Time: 49.82439
Iter: 22	Ranks:     1   159   740   734   274    61     8     1	Error: 0.0000000259	Time: 49.30527
Iter: 23	Ranks:     1   157   708   699   264    60     8     1	Error: 0.0000000093	Time: 48.48730

Mode dimns: 1681 16 16 16 16 16 16
Iter:  1	Ranks:     1     6     6     5     4     3     2     1	Error: 0.9977487041	Time: 0.00760
Iter:  2	Ranks:     1    25    21    15    10     6     3     1	Error: 0.9812657222	Time: 0.01740
Iter:  3	Ranks:     1    82    56    35    20    10     4     1	Error: 0.8447031771	Time: 0.10801
Iter:  4	Ranks:     1   160   126    70    35    15     5     1	Error: 0.4913994655	Time: 0.65066
Iter:  5	Ranks:     1   160   252   126    56    21     6     1	Error: 0.2079710342	Time: 1.54968
Iter:  6	Ranks:     1   160   461   210    84    28     7     1	Error: 0.0821907908	Time: 3.78961
Iter:  7	Ranks:     1   160   589   330   120    36     8     1	Error: 0.0323413896	Time: 8.55416
Iter:  8	Ranks:     1   160   680   491   165    45     9     1	Error: 0.0129106298	Time: 16.57827
Iter:  9	Ranks:     1   160   773   648   220    55    10     1	Error: 0.0051608706	Time: 28.26654
Iter: 10	Ranks:     1   160   856   790   280    66    11     1	Error: 0.0020654190	Time: 43.74007
Iter: 11	Ranks:     1   160   916   907   337    78    12     1	Error: 0.0008109380	Time: 60.53380
Iter: 12	Ranks:     1   160   960  1004   388    90    13     1	Error: 0.0003168597	Time: 79.24130
Iter: 13	Ranks:     1   160   992  1076   430   101    14     1	Error: 0.0001253202	Time: 100.29032
Iter: 14	Ranks:     1   160  1011  1128   464   112    15     1	Error: 0.0000495942	Time: 119.49891
Iter: 15	Ranks:     1   160  1021  1158   487   119    16     1	Error: 0.0000196110	Time: 136.94148
Iter: 16	Ranks:     1   160  1016  1167   503   126    16     1	Error: 0.0000078208	Time: 156.86461
Iter: 17	Ranks:     1   160   999  1151   505   126    16     1	Error: 0.0000031992	Time: 159.76849
Iter: 18	Ranks:     1   160   975  1119   496   124    16     1	Error: 0.0000013244	Time: 161.28491
Iter: 19	Ranks:     1   160   945  1079   485   124    16     1	Error: 0.0000005505	Time: 159.52573
Iter: 20	Ranks:     1   160   916  1039   470   121    16     1	Error: 0.0000002181	Time: 159.34253
Iter: 21	Ranks:     1   160   887  1004   457   119    16     1	Error: 0.0000000810	Time: 158.08409
Iter: 22	Ranks:     1   159   849   952   435   114    16     1	Error: 0.0000000308	Time: 157.41764
Iter: 23	Ranks:     1   158   808   895   411   109    16     1	Error: 0.0000000121	Time: 154.92625
Iter: 24	Ranks:     1   155   766   839   386   103    16     1	Error: 0.0000000049	Time: 151.63192
Mode dimns: 1681 32 32 32 32 32 32
Iter:  1	Ranks:     1     6     6     5     4     3     2     1	Error: 0.9977107177	Time: 0.00827
Iter:  2	Ranks:     1    25    21    15    10     6     3     1	Error: 0.9807946233	Time: 0.02162
Iter:  3	Ranks:     1    82    56    35    20    10     4     1	Error: 0.8404954894	Time: 0.13030
Iter:  4	Ranks:     1   160   126    70    35    15     5     1	Error: 0.4839210815	Time: 0.80288
Iter:  5	Ranks:     1   160   252   126    56    21     6     1	Error: 0.2035029879	Time: 2.57152
Iter:  6	Ranks:     1   160   461   210    84    28     7     1	Error: 0.0802444814	Time: 7.20853
Iter:  7	Ranks:     1   160   593   330   120    36     8     1	Error: 0.0315977341	Time: 16.80121
Iter:  8	Ranks:     1   160   682   491   165    45     9     1	Error: 0.0126263802	Time: 31.62663
Iter:  9	Ranks:     1   160   772   651   220    55    10     1	Error: 0.0050596453	Time: 54.67245
Iter: 10	Ranks:     1   160   853   791   281    66    11     1	Error: 0.0020339206	Time: 82.35151
Iter: 11	Ranks:     1   160   914   908   339    78    12     1	Error: 0.0008051491	Time: 117.60422
Iter: 12	Ranks:     1   160   957  1001   391    91    13     1	Error: 0.0003186686	Time: 153.24349
Iter: 13	Ranks:     1   160   989  1074   434   102    14     1	Error: 0.0001270257	Time: 195.36687
Iter: 14	Ranks:     1   160  1007  1124   469   113    15     1	Error: 0.0000507805	Time: 234.79317
Iter: 15	Ranks:     1   160  1017  1154   495   122    16     1	Error: 0.0000202590	Time: 268.17207
Iter: 16	Ranks:     1   160  1015  1164   513   129    17     1	Error: 0.0000081493	Time: 301.81929
Iter: 17	Ranks:     1   160  1006  1158   522   135    18     1	Error: 0.0000032804	Time: 310.10902
Iter: 18	Ranks:     1   160   990  1141   525   138    19     1	Error: 0.0000013225	Time: 320.75269
Iter: 19	Ranks:     1   160   967  1113   522   140    20     1	Error: 0.0000005333	Time: 325.59199
Iter: 20	Ranks:     1   160   940  1078   513   141    21     1	Error: 0.0000002129	Time: 325.45955
Iter: 21	Ranks:     1   160   905  1035   500   140    22     1	Error: 0.0000000849	Time: 325.31185
Iter: 22	Ranks:     1   160   867   984   479   136    22     1	Error: 0.0000000339	Time: 321.96416
Iter: 23	Ranks:     1   159   829   931   455   131    22     1	Error: 0.0000000135	Time: 317.53262
Iter: 24	Ranks:     1   158   788   876   430   125    22     1	Error: 0.0000000054	Time: 309.90933
Mode dimns: 1681 64 64 64 64 64 64
Iter:  1	Ranks:     1     6     6     5     4     3     2     1	Error: 0.9976921748	Time: 0.01159
Iter:  2	Ranks:     1    25    21    15    10     6     3     1	Error: 0.9805721544	Time: 0.03387
Iter:  3	Ranks:     1    82    56    35    20    10     4     1	Error: 0.8383419221	Time: 0.21876
Iter:  4	Ranks:     1   160   126    70    35    15     5     1	Error: 0.4799456495	Time: 1.43404
Iter:  5	Ranks:     1   160   252   126    56    21     6     1	Error: 0.2009426347	Time: 4.93227
Iter:  6	Ranks:     1   160   459   210    84    28     7     1	Error: 0.0790241274	Time: 14.55585
Iter:  7	Ranks:     1   160   584   330   120    36     8     1	Error: 0.0310555473	Time: 33.20294
Iter:  8	Ranks:     1   160   675   488   165    45     9     1	Error: 0.0123916410	Time: 63.23673
Iter:  9	Ranks:     1   160   764   639   220    55    10     1	Error: 0.0049608864	Time: 108.95891
Iter: 10	Ranks:     1   160   844   771   278    66    11     1	Error: 0.0019936197	Time: 157.82036
Iter: 11	Ranks:     1   160   902   881   333    78    12     1	Error: 0.0007901255	Time: 222.87116
Iter: 12	Ranks:     1   160   942   968   382    90    13     1	Error: 0.0003140441	Time: 299.63534
Iter: 13	Ranks:     1   160   971  1033   422   101    14     1	Error: 0.0001258366	Time: 367.72830
Iter: 14	Ranks:     1   160   986  1077   455   111    15     1	Error: 0.0000506931	Time: 440.07161
Iter: 15	Ranks:     1   160   993  1103   477   119    16     1	Error: 0.0000203748	Time: 503.18566
Iter: 16	Ranks:     1   160   991  1111   493   127    17     1	Error: 0.0000082353	Time: 542.73639
Iter: 17	Ranks:     1   160   982  1107   501   132    18     1	Error: 0.0000033087	Time: 571.75821
Iter: 18	Ranks:     1   160   965  1092   505   136    19     1	Error: 0.0000013289	Time: 586.45725
Iter: 19	Ranks:     1   160   943  1067   501   138    20     1	Error: 0.0000005322	Time: 590.37804
Iter: 20	Ranks:     1   160   916  1034   492   139    21     1	Error: 0.0000002130	Time: 594.66541
Iter: 21	Ranks:     1   160   883   993   477   138    22     1	Error: 0.0000000863	Time: 597.50376
Iter: 22	Ranks:     1   160   848   948   458   134    22     1	Error: 0.0000000349	Time: 583.45553
Iter: 23	Ranks:     1   159   812   902   437   130    23     1	Error: 0.0000000141	Time: 578.67255
Iter: 24	Ranks:     1   157   775   854   414   125    23     1	Error: 0.0000000057	Time: 568.39890
